SM:2022-10-23T15:07:42.7301975Z
LM:2022-10-23T15:15:09.1403892Z
CT:image/png
MA:604800
CL:16070
