SM:2022-10-16T17:13:08.4885794Z
LM:2022-10-16T19:17:55.6801956Z
CT:image/png
MA:604800
CL:121398
