SM:2022-10-23T15:07:42.0177292Z
LM:2022-10-23T15:07:46.6910872Z
CT:image/png
MA:604800
CL:53909
