SM:2022-10-16T20:36:05.6865982Z
LM:2022-10-16T20:36:09.9980040Z
CT:image/png
MA:604800
CL:118592
