SM:2022-10-23T13:57:21.0685841Z
LM:2022-11-07T01:05:01.1789407Z
CT:image/jpeg
MA:604800
CL:28959
