SM:2022-10-23T17:28:12.9179366Z
LM:2022-10-23T17:28:16.1357108Z
CT:image/png
MA:604800
CL:203256
