SM:2022-10-23T13:57:21.1154557Z
LM:2022-10-25T00:48:08.3076382Z
CT:image/png
MA:604800
CL:17775
