SM:2022-10-23T13:57:21.1779518Z
LM:2022-10-23T15:00:24.0310820Z
CT:image/jpeg
MA:604800
CL:25673
