SM:2022-11-19T14:59:32.5433424Z
LM:2022-11-20T12:26:33.2465326Z
CT:image/jpeg
MA:604800
CL:25682
