SM:2022-10-16T10:06:54.2123657Z
LM:2022-10-16T11:56:27.5208034Z
CT:image/jpeg
MA:604800
CL:25673
