SM:2022-10-11T07:33:47.7662580Z
LM:2022-10-11T07:33:48.3741972Z
CT:image/jpeg
MA:604800
CL:25682
