SM:2022-11-08T10:12:54.9426178Z
LM:2022-11-19T11:55:30.0385269Z
CT:image/jpeg
MA:604800
CL:26129
