SM:2022-10-16T23:30:49.2123641Z
LM:2022-10-17T17:43:04.2791122Z
CT:image/png
MA:604800
CL:161244
