SM:2022-10-23T13:57:21.0842101Z
LM:2022-11-07T00:08:37.4036318Z
CT:image/png
MA:604800
CL:161244
