SM:2022-10-21T01:24:05.3520275Z
LM:2022-10-21T01:25:21.4268867Z
CT:image/png
MA:604800
CL:116351
