SM:2022-10-21T00:39:32.5406349Z
LM:2022-10-21T00:39:37.3566705Z
CT:image/png
MA:604800
CL:115019
