SM:2022-10-23T13:57:21.0529601Z
LM:2022-10-23T15:32:00.9305549Z
CT:image/png
MA:604800
CL:115019
