SM:2022-10-23T13:57:39.2236343Z
LM:2022-11-06T01:45:04.0404419Z
CT:image/png
MA:604800
CL:36762
