SM:2022-10-16T20:36:03.5318038Z
LM:2022-10-16T20:36:09.7815945Z
CT:image/png
MA:604800
CL:165953
