SM:2022-10-21T13:03:31.7873994Z
LM:2022-10-22T01:10:41.1072396Z
CT:image/jpeg
MA:604800
CL:61957
