SM:2022-10-21T00:49:24.8609631Z
LM:2022-10-21T00:49:31.4192239Z
CT:image/jpeg
MA:604800
CL:41310
