SM:2022-10-23T13:57:21.0529601Z
LM:2022-10-23T15:53:16.7112402Z
CT:image/jpeg
MA:604800
CL:39522
