SM:2022-10-21T01:19:36.5707758Z
LM:2022-10-21T01:19:42.6835488Z
CT:image/jpeg
MA:604800
CL:39522
