SM:2022-10-16T22:54:00.0107949Z
LM:2022-10-16T23:19:03.8314617Z
CT:image/png
MA:604800
CL:25710
