SM:2022-10-16T20:36:06.2724559Z
LM:2022-10-22T02:08:16.1029091Z
CT:image/png
MA:604800
CL:898
