SM:2022-10-21T13:07:23.1533966Z
LM:2022-10-21T20:37:28.7501874Z
CT:image/jpeg
MA:604800
CL:48369
