SM:2022-10-16T20:27:03.4357371Z
LM:2022-10-16T20:27:05.0201126Z
CT:image/png
MA:604800
CL:30118
