SM:2022-10-23T17:25:16.2846396Z
LM:2022-10-23T17:31:32.1459189Z
CT:image/jpeg
MA:604800
CL:51622
