SM:2022-10-23T13:57:39.3017738Z
LM:2022-11-03T10:07:22.0489022Z
CT:image/png
MA:604800
CL:5767
