SM:2022-10-23T13:57:20.9592720Z
LM:2022-10-23T15:08:31.6614007Z
CT:image/png
MA:604800
CL:18748
