SM:2022-10-22T02:46:03.5013440Z
LM:2022-10-22T02:46:25.5216655Z
CT:image/png
MA:604800
CL:18748
