SM:2022-10-23T15:07:41.7049345Z
LM:2022-10-23T15:07:46.2266153Z
CT:image/png
MA:604800
CL:94952
