SM:2022-10-22T02:46:04.8017130Z
LM:2022-10-22T02:46:26.4827284Z
CT:image/png
MA:604800
CL:12262
