SM:2022-10-23T13:57:39.2392577Z
LM:2022-10-23T15:07:46.3942508Z
CT:image/png
MA:604800
CL:12262
