SM:2022-10-21T00:13:34.4540620Z
LM:2022-10-22T01:10:41.8307997Z
CT:image/png
MA:604800
CL:406716
