SM:2022-10-23T16:27:47.9286998Z
LM:2022-10-23T16:27:51.6269378Z
CT:image/png
MA:604800
CL:81187
