SM:2022-10-23T16:15:30.1446887Z
LM:2022-10-23T16:19:47.1326076Z
CT:image/jpeg
MA:604800
CL:9120
