SM:2022-10-23T13:57:21.1154557Z
LM:2022-11-07T01:05:11.2291150Z
CT:image/jpeg
MA:604800
CL:34164
