SM:2022-10-23T13:57:21.0217124Z
LM:2022-10-23T15:08:32.0624441Z
CT:image/png
MA:604800
CL:75825
