SM:2022-10-21T13:30:14.7878075Z
LM:2022-10-21T13:30:16.4760077Z
CT:image/png
MA:604800
CL:75825
