SM:2022-10-22T02:05:19.3050622Z
LM:2022-10-22T02:51:54.3114321Z
CT:image/png
MA:604800
CL:2268
