SM:2022-10-17T18:20:10.2617849Z
LM:2022-10-17T18:20:13.2128610Z
CT:image/jpeg
MA:604800
CL:28239
