SM:2022-10-16T22:54:00.0107949Z
LM:2022-10-16T23:19:53.0726854Z
CT:image/png
MA:604800
CL:26376
