SM:2022-10-23T17:28:12.9179366Z
LM:2022-10-24T18:27:18.3601166Z
CT:image/png
MA:604800
CL:203491
