SM:2022-10-21T00:39:30.7693901Z
LM:2022-10-21T00:39:37.0573776Z
CT:image/png
MA:604800
CL:30318
