SM:2022-10-23T13:57:39.2861863Z
LM:2022-10-23T15:32:00.9623652Z
CT:image/png
MA:604800
CL:30318
