SM:2022-11-08T00:24:58.2161843Z
LM:2022-11-19T11:47:12.4383167Z
CT:image/png
MA:604800
CL:32909
