SM:2022-10-23T13:57:21.0529601Z
LM:2022-10-31T02:36:37.6106494Z
CT:image/jpeg
MA:604800
CL:51884
