SM:2022-10-16T20:36:06.2724559Z
LM:2022-10-16T23:41:01.9429747Z
CT:image/png
MA:604800
CL:69774
