SM:2022-10-16T11:58:00.1052010Z
LM:2022-10-16T19:17:55.6439060Z
CT:image/png
MA:604800
CL:26967
