SM:2022-10-23T13:57:21.0998529Z
LM:2022-10-23T14:24:55.4067474Z
CT:image/jpeg
MA:604800
CL:188095
