SM:2022-10-23T13:57:39.3017738Z
LM:2022-10-25T00:44:36.8196547Z
CT:image/jpeg
MA:604800
CL:30149
