SM:2022-10-22T02:46:01.4934879Z
LM:2022-10-22T02:46:24.2768772Z
CT:image/jpeg
MA:604800
CL:17602
