SM:2022-10-23T13:57:39.2392577Z
LM:2022-10-23T15:08:32.1560818Z
CT:image/jpeg
MA:604800
CL:17602
