SM:2022-10-21T13:03:31.7873994Z
LM:2022-10-21T13:03:33.6416834Z
CT:image/jpeg
MA:604800
CL:42318
