SM:2022-10-16T20:36:05.6865982Z
LM:2022-10-22T02:08:16.1453559Z
CT:image/png
MA:604800
CL:1066
