SM:2022-10-23T17:13:11.5210350Z
LM:2022-10-23T17:13:15.8408977Z
CT:image/jpeg
MA:604800
CL:21628
