SM:2022-10-17T18:20:10.7010890Z
LM:2022-10-17T19:02:55.0636259Z
CT:image/jpeg
MA:604800
CL:48556
