SM:2022-10-23T13:57:21.0685841Z
LM:2022-11-06T00:11:31.6876863Z
CT:image/jpeg
MA:604800
CL:48556
