SM:2022-10-22T02:45:59.7121877Z
LM:2022-10-22T02:46:24.6879405Z
CT:image/jpeg
MA:604800
CL:11389
