SM:2022-10-21T15:39:09.3180548Z
LM:2022-10-21T16:25:42.3602669Z
CT:image/jpeg
MA:604800
CL:18426
