SM:2022-10-23T17:28:12.6590846Z
LM:2022-10-23T17:31:32.1513657Z
CT:image/jpeg
MA:604800
CL:65995
