SM:2022-10-16T20:29:31.7420449Z
LM:2022-10-22T02:53:22.1025671Z
CT:image/png
MA:604800
CL:17925
