SM:2022-10-23T13:57:21.1154557Z
LM:2022-10-23T15:08:58.8128944Z
CT:image/jpeg
MA:604800
CL:8392
