SM:2022-10-22T02:45:58.0345092Z
LM:2022-10-22T02:46:23.8754455Z
CT:image/jpeg
MA:604800
CL:8392
