SM:2022-10-17T18:15:24.9326876Z
LM:2022-10-21T00:28:58.1996411Z
CT:image/png
MA:604800
CL:12281
