SM:2022-11-08T10:42:02.8014726Z
LM:2022-11-19T11:55:20.9893494Z
CT:image/jpeg
MA:604800
CL:51038
