SM:2022-10-23T13:57:21.0842101Z
LM:2022-11-06T00:11:31.7006376Z
CT:image/jpeg
MA:604800
CL:35192
