SM:2022-10-17T18:20:10.2617849Z
LM:2022-10-17T19:02:55.0615063Z
CT:image/jpeg
MA:604800
CL:35192
