SM:2022-10-22T02:46:00.5477917Z
LM:2022-10-22T02:46:24.2546903Z
CT:image/jpeg
MA:604800
CL:83724
