SM:2022-10-23T16:15:30.1446887Z
LM:2022-10-24T18:27:18.0866061Z
CT:image/png
MA:604800
CL:18704
