SM:2022-10-23T17:07:22.9245153Z
LM:2022-10-23T17:09:45.5582112Z
CT:image/jpeg
MA:604800
CL:46025
