SM:2022-10-23T13:57:21.1310817Z
LM:2022-10-23T15:08:30.4395340Z
CT:image/jpeg
MA:604800
CL:30139
