SM:2022-11-07T22:05:04.2746853Z
LM:2022-11-19T11:47:52.7691734Z
CT:image/jpeg
MA:604800
CL:76733
