SM:2022-11-07T21:55:14.8688539Z
LM:2022-11-19T11:46:17.4719928Z
CT:image/jpeg
MA:604800
CL:256465
