SM:2022-11-19T14:59:31.3121662Z
LM:2022-11-20T05:11:50.5172350Z
CT:image/jpeg
MA:604800
CL:256465
