SM:2022-10-23T16:15:29.7763241Z
LM:2022-10-23T16:15:52.9658323Z
CT:image/png
MA:604800
CL:100231
