SM:2022-10-23T17:04:24.6973443Z
LM:2022-10-24T18:27:18.4195045Z
CT:image/png
MA:604800
CL:69256
