SM:2022-10-22T02:45:58.2552169Z
LM:2022-10-22T02:46:23.8327001Z
CT:image/jpeg
MA:604800
CL:19526
