SM:2022-10-23T15:07:41.4359753Z
LM:2022-10-23T15:07:46.1724318Z
CT:image/png
MA:604800
CL:24281
