SM:2022-10-23T13:57:21.0998529Z
LM:2022-11-07T01:05:06.6125032Z
CT:image/png
MA:604800
CL:129693
