SM:2022-10-23T13:57:21.0998529Z
LM:2022-11-06T00:11:31.8928995Z
CT:image/png
MA:604800
CL:43346
