SM:2022-10-17T18:15:27.1315614Z
LM:2022-10-17T18:59:18.0380730Z
CT:image/png
MA:604800
CL:43346
