SM:2022-10-21T00:39:31.3460607Z
LM:2022-10-21T00:44:53.7010122Z
CT:image/png
MA:604800
CL:22593
