SM:2022-10-22T02:05:19.3050622Z
LM:2022-10-22T02:08:35.2283117Z
CT:image/png
MA:604800
CL:2048
