SM:2022-10-21T01:30:01.8196977Z
LM:2022-10-21T09:00:04.7340322Z
CT:image/png
MA:604800
CL:39043
