SM:2022-10-23T13:57:21.0529601Z
LM:2022-10-23T15:08:31.9105225Z
CT:image/png
MA:604800
CL:39043
