SM:2022-10-23T15:07:38.5676946Z
LM:2022-10-23T15:07:46.1315839Z
CT:image/png
MA:604800
CL:31367
