SM:2022-10-22T02:45:59.4866428Z
LM:2022-10-22T02:46:24.1667115Z
CT:image/jpeg
MA:604800
CL:57315
