SM:2022-10-23T13:57:21.0529601Z
LM:2022-10-23T15:08:59.3869327Z
CT:image/jpeg
MA:604800
CL:57315
