SM:2022-10-23T15:52:59.0334961Z
LM:2022-10-23T15:53:17.1050405Z
CT:image/jpeg
MA:604800
CL:52116
