SM:2022-10-16T20:36:03.5318038Z
LM:2022-10-22T02:08:16.2591082Z
CT:image/png
MA:604800
CL:1269
