SM:2022-11-08T00:23:52.9619767Z
LM:2022-11-19T11:47:12.4381626Z
CT:image/png
MA:604800
CL:30729
