SM:2022-10-23T13:57:21.0685841Z
LM:2022-10-23T14:24:55.4067809Z
CT:image/jpeg
MA:604800
CL:112981
