SM:2022-10-21T14:11:12.9910692Z
LM:2022-10-21T20:37:28.8759728Z
CT:image/jpeg
MA:604800
CL:32303
