SM:2022-10-16T15:51:06.0544149Z
LM:2022-10-22T01:09:23.7432027Z
CT:image/png
MA:604800
CL:6595
