SM:2022-10-23T13:57:21.0998529Z
LM:2022-11-03T10:06:48.6523088Z
CT:image/png
MA:604800
CL:26131
