SM:2022-10-23T15:19:08.8192202Z
LM:2022-10-23T15:19:11.5169658Z
CT:image/jpeg
MA:604800
CL:36073
