SM:2022-10-16T23:29:28.5878644Z
LM:2022-10-16T23:48:21.4372678Z
CT:image/png
MA:604800
CL:34856
