SM:2022-10-21T00:39:31.6682257Z
LM:2022-10-21T00:39:36.6994483Z
CT:image/png
MA:604800
CL:27520
