SM:2022-10-22T02:05:21.2780255Z
LM:2022-10-22T02:53:21.9992586Z
CT:image/png
MA:604800
CL:3392
