SM:2022-10-21T14:14:29.3126103Z
LM:2022-10-22T01:09:23.4819652Z
CT:image/jpeg
MA:604800
CL:66177
