SM:2022-10-21T13:07:23.1533966Z
LM:2022-10-22T01:10:41.1792477Z
CT:image/jpeg
MA:604800
CL:76545
