SM:2022-11-08T00:18:20.3099741Z
LM:2022-11-19T11:47:12.4419406Z
CT:image/png
MA:604800
CL:42625
