SM:2022-10-22T02:46:02.4137504Z
LM:2022-10-22T02:46:25.9650140Z
CT:image/png
MA:604800
CL:5475
