SM:2022-10-23T13:57:39.2392577Z
LM:2022-10-23T15:00:22.9419514Z
CT:image/png
MA:604800
CL:48986
