SM:2022-10-16T17:06:36.6153493Z
LM:2022-10-16T17:13:05.4724591Z
CT:image/png
MA:604800
CL:48986
