SM:2022-11-19T14:59:33.2824163Z
LM:2022-11-20T12:26:32.6819940Z
CT:image/png
MA:604800
CL:48977
