SM:2022-10-22T02:45:58.6646508Z
LM:2022-10-22T02:46:23.9172230Z
CT:image/jpeg
MA:604800
CL:7349
