SM:2022-10-16T23:15:25.4595455Z
LM:2022-10-16T23:18:21.6621431Z
CT:image/png
MA:604800
CL:5365
