SM:2022-10-16T23:17:47.5818163Z
LM:2022-10-16T23:19:53.0194062Z
CT:image/png
MA:604800
CL:68557
