SM:2022-10-17T18:15:26.6437831Z
LM:2022-10-21T00:28:58.1803700Z
CT:image/png
MA:604800
CL:14216
