SM:2022-10-21T00:39:29.9382595Z
LM:2022-10-21T00:44:53.5728831Z
CT:image/png
MA:604800
CL:16391
