SM:2022-11-19T14:59:31.5632570Z
LM:2022-11-20T12:26:32.7397253Z
CT:image/png
MA:604800
CL:106115
