SM:2022-10-16T22:54:00.0107949Z
LM:2022-10-16T23:09:46.9402260Z
CT:image/png
MA:604800
CL:24285
