SM:2022-10-16T20:27:03.4357371Z
LM:2022-10-22T02:51:54.3666678Z
CT:image/png
MA:604800
CL:7297
