SM:2022-10-21T13:47:55.0667977Z
LM:2022-10-21T20:37:28.7343688Z
CT:image/jpeg
MA:604800
CL:52706
