SM:2022-10-21T15:36:06.7863155Z
LM:2022-10-21T15:36:08.7934920Z
CT:image/png
MA:604800
CL:336327
