SM:2022-10-23T13:57:39.3173787Z
LM:2022-11-06T00:11:31.8840089Z
CT:image/png
MA:604800
CL:23825
