SM:2022-10-17T18:15:26.2260218Z
LM:2022-10-17T18:59:18.0313937Z
CT:image/png
MA:604800
CL:23825
