SM:2022-10-23T15:57:16.3324424Z
LM:2022-10-31T02:54:22.0308231Z
CT:image/jpeg
MA:604800
CL:58149
