SM:2022-10-23T13:57:39.2392577Z
LM:2022-11-03T10:07:23.1549873Z
CT:image/png
MA:604800
CL:9468
