SM:2022-10-23T13:57:39.2236343Z
LM:2022-10-23T15:31:54.8577181Z
CT:image/jpeg
MA:604800
CL:36045
