SM:2022-10-22T02:45:57.8847908Z
LM:2022-10-22T02:46:23.7633050Z
CT:image/jpeg
MA:604800
CL:36045
