SM:2022-10-16T20:29:31.7420449Z
LM:2022-10-16T20:29:34.0896630Z
CT:image/png
MA:604800
CL:25186
