SM:2022-10-23T13:57:21.0373370Z
LM:2022-10-23T15:07:45.1410533Z
CT:image/png
MA:604800
CL:25186
