SM:2022-10-22T02:45:59.2823182Z
LM:2022-10-22T02:46:24.0701410Z
CT:image/jpeg
MA:604800
CL:16124
