SM:2022-10-21T01:27:41.3205169Z
LM:2022-10-21T01:27:47.0619960Z
CT:image/png
MA:604800
CL:97274
