SM:2022-10-16T17:05:35.6161116Z
LM:2022-10-16T17:13:13.1671008Z
CT:image/png
MA:604800
CL:43482
