SM:2022-11-19T14:59:26.8615195Z
LM:2022-11-20T12:26:32.6719248Z
CT:image/png
MA:604800
CL:43482
