SM:2022-10-23T16:55:40.4355610Z
LM:2022-10-23T16:56:27.6664918Z
CT:image/jpeg
MA:604800
CL:82277
