SM:2022-10-16T20:36:05.6865982Z
LM:2022-10-22T02:51:54.3916329Z
CT:image/png
MA:604800
CL:13290
