SM:2022-10-16T12:01:58.3906488Z
LM:2022-10-21T00:44:53.7412177Z
CT:image/jpeg
MA:604800
CL:15404
