SM:2022-10-21T00:39:33.0019388Z
LM:2022-10-21T00:39:37.6652326Z
CT:image/png
MA:604800
CL:3407
