SM:2022-10-21T14:14:29.3126103Z
LM:2022-10-21T14:14:32.8913543Z
CT:image/jpeg
MA:604800
CL:66407
