SM:2022-10-23T13:57:21.0373370Z
LM:2022-11-03T10:07:22.7365733Z
CT:image/png
MA:604800
CL:16545
