SM:2022-11-07T21:56:58.2791189Z
LM:2022-11-19T11:46:13.0881844Z
CT:image/jpeg
MA:604800
CL:53512
