SM:2022-11-19T14:59:30.0781870Z
LM:2022-11-20T05:11:44.9467680Z
CT:image/jpeg
MA:604800
CL:53512
