SM:2022-10-22T02:46:00.7681246Z
LM:2022-10-22T02:46:24.4007060Z
CT:image/jpeg
MA:604800
CL:18603
