SM:2022-11-07T22:03:49.5324103Z
LM:2022-11-19T11:46:24.4625845Z
CT:image/jpeg
MA:604800
CL:97171
