SM:2022-11-19T14:59:26.8565191Z
LM:2022-11-20T05:11:56.5337329Z
CT:image/jpeg
MA:604800
CL:97171
