SM:2022-10-22T02:45:56.3456577Z
LM:2022-10-22T02:46:23.6424827Z
CT:image/jpeg
MA:604800
CL:44183
