SM:2022-10-23T13:57:21.0529601Z
LM:2022-10-23T15:31:58.8766634Z
CT:image/jpeg
MA:604800
CL:44183
