SM:2022-10-23T13:57:21.1623284Z
LM:2022-10-23T15:00:22.9463395Z
CT:image/png
MA:604800
CL:10727
