SM:2022-10-16T15:51:06.0544149Z
LM:2022-10-16T15:51:09.9487721Z
CT:image/png
MA:604800
CL:10727
