SM:2022-10-23T17:13:11.5210350Z
LM:2022-10-24T18:27:17.7992462Z
CT:image/jpeg
MA:604800
CL:21465
