SM:2022-10-21T00:39:32.5406349Z
LM:2022-10-21T00:44:53.7913427Z
CT:image/png
MA:604800
CL:37024
