SM:2022-10-23T16:57:05.7326829Z
LM:2022-10-23T16:57:08.5297766Z
CT:image/jpeg
MA:604800
CL:60025
