SM:2022-10-23T17:33:10.8951419Z
LM:2022-10-23T17:34:12.3881408Z
CT:image/jpeg
MA:604800
CL:51666
