SM:2022-10-16T20:31:58.4742342Z
LM:2022-10-16T20:32:00.4893469Z
CT:image/png
MA:604800
CL:25973
