SM:2022-10-22T02:50:43.5961357Z
LM:2022-10-22T02:51:11.6461276Z
CT:image/jpeg
MA:604800
CL:1437
