SM:2022-10-23T13:57:39.2236343Z
LM:2022-10-23T15:08:32.8434001Z
CT:image/png
MA:604800
CL:38329
