SM:2022-10-22T02:46:02.7365150Z
LM:2022-10-22T02:46:26.6748704Z
CT:image/png
MA:604800
CL:38329
