SM:2022-11-19T14:59:33.5067464Z
LM:2022-11-20T12:26:33.5975449Z
CT:image/png
MA:604800
CL:121398
