SM:2022-10-21T09:51:48.6823193Z
LM:2022-10-21T12:45:16.8443041Z
CT:image/jpeg
MA:604800
CL:34572
