SM:2022-10-22T02:05:19.3050622Z
LM:2022-10-22T02:08:16.0446202Z
CT:image/png
MA:604800
CL:1457
