SM:2022-10-21T01:32:59.0343780Z
LM:2022-10-21T01:34:22.7253154Z
CT:image/jpeg
MA:604800
CL:36829
