SM:2022-10-16T22:54:04.3684554Z
LM:2022-10-16T23:09:46.7284082Z
CT:image/png
MA:604800
CL:18872
