SM:2022-10-16T20:23:16.2742882Z
LM:2022-10-22T02:08:35.1723079Z
CT:image/png
MA:604800
CL:3148
