SM:2022-10-16T20:31:58.4742342Z
LM:2022-10-22T02:53:22.2310783Z
CT:image/png
MA:604800
CL:9187
