SM:2022-11-08T00:26:04.5863493Z
LM:2022-11-19T11:47:12.4375138Z
CT:image/png
MA:604800
CL:18066
