SM:2022-10-21T13:07:23.1533966Z
LM:2022-10-22T01:09:23.4816809Z
CT:image/jpeg
MA:604800
CL:48322
