SM:2022-10-16T20:31:58.4742342Z
LM:2022-10-22T02:08:16.0380075Z
CT:image/png
MA:604800
CL:842
