SM:2022-10-23T17:18:33.3023642Z
LM:2022-10-23T17:18:36.7449040Z
CT:image/png
MA:604800
CL:129280
