SM:2022-10-21T01:01:35.8114942Z
LM:2022-10-21T01:04:10.1985627Z
CT:image/jpeg
MA:604800
CL:52331
