SM:2022-10-23T13:57:20.9592720Z
LM:2022-11-03T10:06:49.7200212Z
CT:image/png
MA:604800
CL:11490
