SM:2022-10-21T01:02:25.8855156Z
LM:2022-10-21T01:04:10.2031305Z
CT:image/jpeg
MA:604800
CL:73431
