SM:2022-10-23T17:21:07.7425756Z
LM:2022-10-23T17:21:09.8758246Z
CT:image/jpeg
MA:604800
CL:41641
