SM:2022-10-16T20:36:06.2724559Z
LM:2022-10-16T20:36:09.9438402Z
CT:image/png
MA:604800
CL:69616
