SM:2022-10-23T13:57:21.0998529Z
LM:2022-10-23T15:08:29.9094890Z
CT:image/png
MA:604800
CL:69616
