SM:2022-10-21T00:39:33.2547167Z
LM:2022-10-22T01:10:41.1110971Z
CT:image/png
MA:604800
CL:38361
