SM:2022-10-21T14:14:29.3126103Z
LM:2022-10-22T01:10:41.0007377Z
CT:image/jpeg
MA:604800
CL:103736
