SM:2022-10-23T13:57:21.0998529Z
LM:2022-10-25T00:44:36.2482089Z
CT:image/jpeg
MA:604800
CL:53692
