SM:2022-10-16T23:17:47.5818163Z
LM:2022-10-16T23:19:28.7288537Z
CT:image/png
MA:604800
CL:129006
