SM:2022-10-16T19:39:01.8205673Z
LM:2022-10-16T19:39:10.2521718Z
CT:image/png
MA:604800
CL:6694
