SM:2022-10-23T13:57:21.0998529Z
LM:2022-10-23T15:07:44.8807720Z
CT:image/png
MA:604800
CL:6694
