SM:2022-11-19T14:59:30.2075619Z
LM:2022-11-20T12:26:33.5893462Z
CT:image/png
MA:604800
CL:6694
