SM:2022-10-22T02:46:04.0173248Z
LM:2022-10-22T02:46:25.8479299Z
CT:image/png
MA:604800
CL:6802
