SM:2022-10-23T13:57:21.1779518Z
LM:2022-10-23T15:08:13.3255171Z
CT:image/png
MA:604800
CL:6802
