SM:2022-10-16T20:36:06.2724559Z
LM:2022-10-22T02:08:35.3554190Z
CT:image/png
MA:604800
CL:3809
