SM:2022-10-16T20:24:49.9445065Z
LM:2022-10-22T02:08:15.9373103Z
CT:image/png
MA:604800
CL:530
