SM:2022-10-21T13:03:31.7873994Z
LM:2022-10-21T20:37:28.6664828Z
CT:image/jpeg
MA:604800
CL:42318
