SM:2022-10-21T00:39:32.8056047Z
LM:2022-10-21T00:39:37.2759896Z
CT:image/png
MA:604800
CL:40815
