SM:2022-10-23T13:57:21.0685841Z
LM:2022-10-23T15:08:31.3451681Z
CT:image/png
MA:604800
CL:11752
