SM:2022-10-22T02:46:04.2006202Z
LM:2022-10-22T02:46:25.5878871Z
CT:image/png
MA:604800
CL:11752
