SM:2022-10-23T16:59:04.1210299Z
LM:2022-10-24T18:27:18.2948891Z
CT:image/jpeg
MA:604800
CL:24960
