SM:2022-10-21T13:47:55.0667977Z
LM:2022-10-22T01:10:12.1071889Z
CT:image/jpeg
MA:604800
CL:78780
