SM:2022-10-23T13:57:21.1154557Z
LM:2022-11-03T10:11:53.6890450Z
CT:image/png
MA:604800
CL:8898
