SM:2022-10-17T18:15:27.5533215Z
LM:2022-10-17T18:59:18.0440258Z
CT:image/png
MA:604800
CL:42838
