SM:2022-10-23T13:57:21.0998529Z
LM:2022-10-23T15:08:00.3672609Z
CT:image/jpeg
MA:604800
CL:56314
