SM:2022-10-21T00:16:22.1539869Z
LM:2022-10-21T00:16:25.6152474Z
CT:image/jpeg
MA:604800
CL:56314
