SM:2022-10-16T23:22:47.2248011Z
LM:2022-10-16T23:48:21.4372792Z
CT:image/png
MA:604800
CL:52687
