SM:2022-10-21T13:58:20.4002790Z
LM:2022-10-21T20:37:28.9634725Z
CT:image/jpeg
MA:604800
CL:46198
