SM:2022-10-16T20:29:31.7420449Z
LM:2022-10-22T02:08:35.1864444Z
CT:image/png
MA:604800
CL:7131
