SM:2022-10-21T13:49:33.4727196Z
LM:2022-10-21T13:52:35.3201488Z
CT:image/jpeg
MA:604800
CL:60625
