SM:2022-10-23T15:57:16.3324424Z
LM:2022-10-23T15:57:19.7336076Z
CT:image/jpeg
MA:604800
CL:46483
