SM:2022-10-16T17:06:10.9538783Z
LM:2022-10-16T19:17:55.6559479Z
CT:image/png
MA:604800
CL:54642
