SM:2022-10-16T10:06:54.0665332Z
LM:2022-10-16T19:17:57.5300342Z
CT:image/jpeg
MA:604800
CL:27554
