SM:2022-10-16T20:29:31.7420449Z
LM:2022-10-16T23:41:01.9895764Z
CT:image/png
MA:604800
CL:25065
