SM:2022-10-16T20:36:03.5318038Z
LM:2022-10-16T23:41:02.1274083Z
CT:image/png
MA:604800
CL:166056
