SM:2022-10-16T17:05:12.0239608Z
LM:2022-10-16T19:17:55.7355925Z
CT:image/png
MA:604800
CL:106109
