SM:2022-10-16T23:21:07.2522525Z
LM:2022-10-16T23:41:02.3269776Z
CT:image/png
MA:604800
CL:58823
