SM:2022-10-23T13:57:21.0373370Z
LM:2022-10-23T15:08:58.9072930Z
CT:image/jpeg
MA:604800
CL:8875
