SM:2022-10-22T02:45:59.0536730Z
LM:2022-10-22T02:46:23.9074331Z
CT:image/jpeg
MA:604800
CL:8875
