SM:2022-10-21T14:14:29.3126103Z
LM:2022-10-21T14:18:37.0911794Z
CT:image/jpeg
MA:604800
CL:79913
