SM:2022-10-16T10:06:54.3591429Z
LM:2022-10-22T01:10:12.5862397Z
CT:image/jpeg
MA:604800
CL:50266
