SM:2022-10-23T15:19:08.6183354Z
LM:2022-10-23T15:25:27.8632720Z
CT:image/jpeg
MA:604800
CL:46980
