SM:2022-11-07T23:27:21.3246974Z
LM:2022-11-19T11:47:12.4375139Z
CT:image/png
MA:604800
CL:7995
