SM:2022-11-08T10:04:45.0862433Z
LM:2022-11-19T11:55:30.8573675Z
CT:image/webp
MA:604800
CL:12076
