SM:2022-10-23T13:57:39.2861863Z
LM:2022-11-03T10:07:22.3430763Z
CT:image/png
MA:604800
CL:3609
