SM:2022-10-23T13:57:21.1310817Z
LM:2022-11-03T10:06:49.7496585Z
CT:image/png
MA:604800
CL:8871
