SM:2022-11-07T22:05:04.2746853Z
LM:2022-11-19T11:46:22.8560255Z
CT:image/jpeg
MA:604800
CL:122188
