SM:2022-11-19T14:59:33.1221557Z
LM:2022-11-20T05:11:55.6135540Z
CT:image/jpeg
MA:604800
CL:122188
