SM:2022-10-16T20:31:58.4742342Z
LM:2022-10-16T23:41:01.9797434Z
CT:image/png
MA:604800
CL:26099
