SM:2022-10-16T23:16:24.0827759Z
LM:2022-10-16T23:19:03.8375894Z
CT:image/png
MA:604800
CL:65352
