SM:2022-10-22T02:45:58.4761300Z
LM:2022-10-22T02:46:24.0394641Z
CT:image/jpeg
MA:604800
CL:15987
