SM:2022-10-16T20:36:03.9528764Z
LM:2022-10-22T02:08:16.2549129Z
CT:image/png
MA:604800
CL:1081
