SM:2022-10-23T13:57:39.3017738Z
LM:2022-11-07T01:04:41.5761930Z
CT:image/jpeg
MA:604800
CL:27263
