SM:2022-11-08T10:42:52.0444715Z
LM:2022-11-19T11:55:21.2404428Z
CT:image/png
MA:604800
CL:422077
