SM:2022-10-21T00:16:22.1539869Z
LM:2022-10-22T01:10:11.3349321Z
CT:image/jpeg
MA:604800
CL:70639
