SM:2022-10-16T22:54:04.8644174Z
LM:2022-10-16T23:09:46.7117089Z
CT:image/png
MA:604800
CL:10487
