SM:2022-10-23T13:57:39.2236343Z
LM:2022-11-03T10:06:48.6709967Z
CT:image/png
MA:604800
CL:66287
