SM:2022-10-23T15:07:41.7049345Z
LM:2022-10-23T15:15:09.1759973Z
CT:image/png
MA:604800
CL:51209
