SM:2022-10-16T10:06:54.2123657Z
LM:2022-10-22T01:09:24.1746139Z
CT:image/jpeg
MA:604800
CL:26695
