SM:2022-10-16T12:01:58.3906488Z
LM:2022-10-16T12:01:59.7162394Z
CT:image/jpeg
MA:604800
CL:15419
