SM:2022-11-19T14:59:31.4463296Z
LM:2022-11-20T12:26:32.6580827Z
CT:image/jpeg
MA:604800
CL:15419
