SM:2022-10-23T13:57:21.1154557Z
LM:2022-10-23T15:00:22.6149816Z
CT:image/jpeg
MA:604800
CL:15419
