SM:2022-10-21T01:32:59.0343780Z
LM:2022-10-21T01:33:01.4505040Z
CT:image/png
MA:604800
CL:219451
