SM:2022-10-23T13:57:21.0529601Z
LM:2022-10-23T15:08:32.9437559Z
CT:image/png
MA:604800
CL:219451
