SM:2022-10-21T13:47:55.0667977Z
LM:2022-10-22T01:09:23.9369838Z
CT:image/jpeg
MA:604800
CL:61345
