SM:2022-10-23T13:57:21.0998529Z
LM:2022-10-23T15:32:00.6205221Z
CT:image/jpeg
MA:604800
CL:9765
