SM:2022-10-21T00:39:31.9431317Z
LM:2022-10-21T00:39:37.1319642Z
CT:image/jpeg
MA:604800
CL:9765
