SM:2022-10-21T13:49:33.4727196Z
LM:2022-10-22T01:10:11.2264489Z
CT:image/jpeg
MA:604800
CL:81434
