SM:2022-10-23T13:57:39.3173787Z
LM:2022-10-23T15:06:12.6653065Z
CT:image/png
MA:604800
CL:11387
