SM:2022-10-21T00:39:32.2539817Z
LM:2022-10-21T00:44:53.7776467Z
CT:image/png
MA:604800
CL:11387
