SM:2022-10-23T13:57:21.0685841Z
LM:2022-10-25T00:48:08.4275845Z
CT:image/jpeg
MA:604800
CL:31672
