SM:2022-11-19T14:59:27.9652849Z
LM:2022-11-20T05:11:55.6266219Z
CT:image/jpeg
MA:604800
CL:31719
