SM:2022-10-23T13:57:21.0842101Z
LM:2022-10-23T15:08:31.7944747Z
CT:image/png
MA:604800
CL:5078
