SM:2022-10-22T02:46:03.8530707Z
LM:2022-10-22T02:46:25.7645791Z
CT:image/png
MA:604800
CL:5078
