SM:2022-10-22T02:46:04.3976115Z
LM:2022-10-22T02:46:26.4736162Z
CT:image/png
MA:604800
CL:18272
