SM:2022-10-23T13:57:21.0529601Z
LM:2022-10-23T15:08:32.4764971Z
CT:image/png
MA:604800
CL:18272
