SM:2022-10-21T13:49:33.4727196Z
LM:2022-10-22T01:23:24.4945134Z
CT:image/jpeg
MA:604800
CL:181101
