SM:2022-10-23T13:57:21.1310817Z
LM:2022-10-23T14:24:55.4053112Z
CT:image/jpeg
MA:604800
CL:181101
