SM:2022-10-21T13:03:31.7873994Z
LM:2022-10-21T13:11:05.1902215Z
CT:image/jpeg
MA:604800
CL:38796
