SM:2022-10-22T02:46:01.6432463Z
LM:2022-10-22T02:53:22.0343014Z
CT:image/jpeg
MA:604800
CL:4464
