SM:2022-10-21T09:57:15.8500285Z
LM:2022-10-21T20:37:28.8227951Z
CT:image/jpeg
MA:604800
CL:58055
