SM:2022-11-08T12:59:14.9298268Z
LM:2022-11-19T11:44:30.5426321Z
CT:image/jpeg
MA:604800
CL:31058
