SM:2022-10-21T00:16:22.1539869Z
LM:2022-10-22T01:10:41.0960554Z
CT:image/jpeg
MA:604800
CL:86383
