SM:2022-10-21T13:00:33.4012226Z
LM:2022-10-21T13:11:05.4305332Z
CT:image/png
MA:604800
CL:155529
