SM:2022-10-23T17:21:07.7425756Z
LM:2022-10-23T17:22:22.8595215Z
CT:image/jpeg
MA:604800
CL:52039
