SM:2022-10-16T23:17:47.5818163Z
LM:2022-10-16T23:19:03.7646909Z
CT:image/png
MA:604800
CL:61647
