SM:2022-10-16T23:16:24.0827759Z
LM:2022-10-16T23:19:53.0964961Z
CT:image/png
MA:604800
CL:78049
