SM:2022-10-23T13:57:21.1154557Z
LM:2022-10-23T15:08:32.3493538Z
CT:image/png
MA:604800
CL:86675
