SM:2022-10-22T02:46:01.4934879Z
LM:2022-10-22T02:53:22.0416649Z
CT:image/jpeg
MA:604800
CL:4812
