SM:2022-10-23T17:01:11.6553906Z
LM:2022-10-23T17:01:13.9167626Z
CT:image/jpeg
MA:604800
CL:51691
