SM:2022-10-21T13:49:33.4727196Z
LM:2022-10-21T13:49:38.9160211Z
CT:image/jpeg
MA:604800
CL:61509
