SM:2022-10-23T16:15:29.7763241Z
LM:2022-10-23T16:19:47.1470281Z
CT:image/jpeg
MA:604800
CL:27698
