SM:2022-10-23T13:57:21.0842101Z
LM:2022-11-06T01:43:38.1613271Z
CT:image/jpeg
MA:604800
CL:33751
