SM:2022-10-21T15:49:21.9091983Z
LM:2022-10-21T16:25:42.3582544Z
CT:image/jpeg
MA:604800
CL:33751
