SM:2022-10-16T10:06:53.9419884Z
LM:2022-10-21T16:25:42.3574462Z
CT:image/jpeg
MA:604800
CL:13366
