SM:2022-10-23T13:57:20.9592720Z
LM:2022-11-03T10:07:22.0373829Z
CT:image/png
MA:604800
CL:5324
