SM:2022-10-23T13:57:21.1623284Z
LM:2022-10-25T00:44:36.9022394Z
CT:image/png
MA:604800
CL:7248
