SM:2022-10-16T20:24:49.9445065Z
LM:2022-10-22T02:08:35.1820514Z
CT:image/png
MA:604800
CL:2672
