SM:2022-10-23T13:57:39.2236343Z
LM:2022-11-03T10:07:21.9777234Z
CT:image/png
MA:604800
CL:23053
