SM:2022-10-21T00:39:32.2539817Z
LM:2022-10-21T00:39:37.1571032Z
CT:image/png
MA:604800
CL:16947
