SM:2022-10-23T17:07:21.0392179Z
LM:2022-10-24T18:27:17.8019497Z
CT:image/jpeg
MA:604800
CL:38405
