SM:2022-10-21T14:16:39.1572486Z
LM:2022-10-21T14:18:37.0728672Z
CT:image/jpeg
MA:604800
CL:40271
