SM:2022-10-16T20:36:06.2724559Z
LM:2022-10-22T02:51:54.4998163Z
CT:image/png
MA:604800
CL:8366
