SM:2022-10-21T13:47:55.0667977Z
LM:2022-10-22T01:23:24.5528174Z
CT:image/jpeg
MA:604800
CL:177634
