SM:2022-10-16T20:27:03.4357371Z
LM:2022-10-22T02:53:22.0851083Z
CT:image/png
MA:604800
CL:8358
