SM:2022-10-23T13:57:21.0998529Z
LM:2022-11-06T01:44:32.9393893Z
CT:image/png
MA:604800
CL:39605
