SM:2022-10-23T13:57:21.1310817Z
LM:2022-10-25T00:44:36.4444737Z
CT:image/jpeg
MA:604800
CL:45545
