SM:2022-11-07T21:56:58.2791189Z
LM:2022-11-19T11:45:05.3493924Z
CT:image/jpeg
MA:604800
CL:61067
