SM:2022-10-16T20:36:03.3449113Z
LM:2022-10-22T02:53:22.3453759Z
CT:image/png
MA:604800
CL:20192
