SM:2022-10-23T13:57:21.1154557Z
LM:2022-10-23T14:24:55.4131807Z
CT:image/jpeg
MA:604800
CL:70507
