SM:2022-10-22T02:46:02.2620942Z
LM:2022-10-22T02:46:25.0757343Z
CT:image/png
MA:604800
CL:18271
