SM:2022-10-16T10:06:53.9419884Z
LM:2022-10-16T11:13:41.8737963Z
CT:image/png
MA:604800
CL:27050
