SM:2022-10-23T13:57:21.1154557Z
LM:2022-10-23T15:00:22.9370760Z
CT:image/png
MA:604800
CL:27050
