SM:2022-11-19T14:59:31.4333380Z
LM:2022-11-20T12:26:32.6707257Z
CT:image/png
MA:604800
CL:27050
