SM:2022-10-10T12:12:46.4129353Z
LM:2022-10-10T13:01:19.6595015Z
CT:image/png
MA:604800
CL:27050
