SM:2022-10-09T12:46:23.9281131Z
LM:2022-10-09T12:46:24.6463214Z
CT:image/png
MA:604800
CL:27050
