SM:2022-10-23T13:57:21.0373370Z
LM:2022-10-23T15:08:01.1538435Z
CT:image/png
MA:604800
CL:58681
