SM:2022-10-16T23:21:07.2522525Z
LM:2022-10-16T23:48:21.4393096Z
CT:image/png
MA:604800
CL:58681
