SM:2022-10-23T17:13:11.5210350Z
LM:2022-10-23T17:14:29.1128517Z
CT:image/jpeg
MA:604800
CL:29914
