SM:2022-10-23T15:07:38.5676946Z
LM:2022-10-23T15:15:09.1409462Z
CT:image/png
MA:604800
CL:16583
