SM:2022-11-19T14:59:24.7670394Z
LM:2022-11-19T15:09:16.0827647Z
CT:image/jpeg
MA:604800
CL:668021
