SM:2022-10-21T13:30:14.7878075Z
LM:2022-10-21T20:37:28.4104637Z
CT:image/png
MA:604800
CL:76090
