SM:2022-10-17T18:20:10.7010890Z
LM:2022-10-21T00:28:59.4525707Z
CT:image/jpeg
MA:604800
CL:71532
