SM:2022-10-16T15:51:06.0544149Z
LM:2022-10-16T19:17:55.6342505Z
CT:image/png
MA:604800
CL:10727
