SM:2022-10-17T19:57:53.4423873Z
LM:2022-10-17T19:58:07.9445665Z
CT:image/png
MA:604800
CL:79747
