SM:2022-10-23T17:29:30.3139468Z
LM:2022-10-24T18:27:18.2536245Z
CT:image/png
MA:604800
CL:203491
