SM:2022-10-23T13:57:39.3173787Z
LM:2022-11-03T10:06:49.6526836Z
CT:image/png
MA:604800
CL:39902
