SM:2022-10-16T23:22:47.2248011Z
LM:2022-10-16T23:41:01.3595005Z
CT:image/png
MA:604800
CL:52785
