SM:2022-10-22T02:46:04.3976115Z
LM:2022-10-22T02:51:11.4993972Z
CT:image/png
MA:604800
CL:2366
