SM:2022-10-21T14:14:29.3126103Z
LM:2022-10-21T20:37:28.6470958Z
CT:image/jpeg
MA:604800
CL:66471
