SM:2022-10-23T13:57:21.0373370Z
LM:2022-10-23T15:07:46.3687311Z
CT:image/jpeg
MA:604800
CL:12121
