SM:2022-10-22T02:59:14.9491123Z
LM:2022-10-22T02:59:19.7623962Z
CT:image/jpeg
MA:604800
CL:12121
