SM:2022-11-19T14:59:31.9104905Z
LM:2022-11-20T12:26:33.6252061Z
CT:image/png
MA:604800
CL:33847
