SM:2022-10-16T20:07:28.5423885Z
LM:2022-10-16T20:23:19.3673417Z
CT:image/png
MA:604800
CL:33847
