SM:2022-10-23T13:57:21.1623284Z
LM:2022-10-23T15:07:45.1605194Z
CT:image/png
MA:604800
CL:33847
