SM:2022-10-16T23:17:47.5818163Z
LM:2022-10-16T23:20:05.0035958Z
CT:image/png
MA:604800
CL:203031
