SM:2022-10-21T01:24:05.3520275Z
LM:2022-10-21T01:24:08.6552945Z
CT:image/png
MA:604800
CL:86077
