SM:2022-10-23T13:57:21.1310817Z
LM:2022-10-23T15:53:17.0194099Z
CT:image/png
MA:604800
CL:86077
