SM:2022-10-23T13:57:21.0998529Z
LM:2022-10-23T14:24:55.4066897Z
CT:image/jpeg
MA:604800
CL:162775
