SM:2022-10-21T13:49:33.4727196Z
LM:2022-10-21T20:37:28.9581600Z
CT:image/jpeg
MA:604800
CL:61509
