SM:2022-10-16T20:36:03.3449113Z
LM:2022-10-16T23:41:01.4780425Z
CT:image/png
MA:604800
CL:165615
