SM:2022-10-21T14:16:39.1572486Z
LM:2022-10-21T14:16:41.4675011Z
CT:image/jpeg
MA:604800
CL:40721
