SM:2022-10-23T13:57:39.3017738Z
LM:2022-10-23T15:08:31.2966084Z
CT:image/jpeg
MA:604800
CL:40721
