SM:2022-10-22T02:46:03.6812743Z
LM:2022-10-22T02:46:25.6370758Z
CT:image/png
MA:604800
CL:83864
