SM:2022-10-23T17:29:30.3139468Z
LM:2022-10-23T17:31:32.1394683Z
CT:image/jpeg
MA:604800
CL:27030
