SM:2022-10-23T13:57:21.1154557Z
LM:2022-10-23T15:08:31.8709465Z
CT:image/png
MA:604800
CL:21754
