SM:2022-10-22T02:46:01.9624343Z
LM:2022-10-22T02:46:25.4854917Z
CT:image/png
MA:604800
CL:21754
