SM:2022-10-21T15:11:40.1998197Z
LM:2022-10-21T15:11:41.7918805Z
CT:image/png
MA:604800
CL:100510
