SM:2022-10-16T10:06:54.2123657Z
LM:2022-10-22T01:10:11.5351418Z
CT:image/jpeg
MA:604800
CL:33998
