SM:2022-10-21T00:39:30.2720811Z
LM:2022-10-21T00:39:37.4411282Z
CT:image/png
MA:604800
CL:5499
