SM:2022-10-23T13:57:21.1154557Z
LM:2022-10-23T15:08:01.1692984Z
CT:image/png
MA:604800
CL:5499
