SM:2022-10-22T02:46:00.9978977Z
LM:2022-10-22T02:46:24.2517542Z
CT:image/jpeg
MA:604800
CL:30618
