SM:2022-11-07T21:50:55.5154030Z
LM:2022-11-19T11:46:13.0304207Z
CT:image/jpeg
MA:604800
CL:29128
