SM:2022-11-19T14:59:33.2744860Z
LM:2022-11-20T05:11:44.8227782Z
CT:image/jpeg
MA:604800
CL:29128
