SM:2022-10-23T13:57:21.0842101Z
LM:2022-10-23T15:08:01.0882492Z
CT:image/png
MA:604800
CL:26343
