SM:2022-10-16T23:30:49.2123641Z
LM:2022-10-16T23:48:21.4372718Z
CT:image/png
MA:604800
CL:26343
