SM:2022-10-23T15:43:32.4383973Z
LM:2022-10-23T15:45:49.1789010Z
CT:image/jpeg
MA:604800
CL:33040
