SM:2022-10-22T02:45:59.9822881Z
LM:2022-10-22T02:46:24.4544389Z
CT:image/jpeg
MA:604800
CL:11701
