SM:2022-10-23T13:57:21.1310817Z
LM:2022-10-23T15:08:10.2767971Z
CT:image/jpeg
MA:604800
CL:11701
