SM:2022-11-19T14:59:33.0552695Z
LM:2022-11-20T05:11:56.0917128Z
CT:image/jpeg
MA:604800
CL:172788
