SM:2022-10-23T13:57:21.0998529Z
LM:2022-11-06T23:52:07.9827585Z
CT:image/jpeg
MA:604800
CL:55527
