SM:2022-10-21T00:16:22.1539869Z
LM:2022-10-21T00:18:05.4163943Z
CT:image/jpeg
MA:604800
CL:55527
