SM:2022-10-16T15:51:06.0544149Z
LM:2022-10-22T01:10:11.1667797Z
CT:image/png
MA:604800
CL:8004
