SM:2022-11-07T21:50:55.5154030Z
LM:2022-11-19T11:44:02.8393323Z
CT:image/jpeg
MA:604800
CL:31270
