SM:2022-10-23T16:10:45.7459424Z
LM:2022-10-23T16:19:47.2885420Z
CT:image/png
MA:604800
CL:58723
