SM:2022-10-21T00:39:31.6682257Z
LM:2022-10-21T00:44:53.7111934Z
CT:image/png
MA:604800
CL:14366
