SM:2022-10-23T13:57:21.1779518Z
LM:2022-11-03T10:07:22.0087152Z
CT:image/png
MA:604800
CL:2502
