SM:2022-10-23T13:57:21.0217124Z
LM:2022-11-03T10:07:21.9661657Z
CT:image/png
MA:604800
CL:16571
