SM:2022-10-23T13:57:21.0685841Z
LM:2022-11-03T10:06:50.1901531Z
CT:image/png
MA:604800
CL:21353
