SM:2022-10-23T15:52:58.7844183Z
LM:2022-10-23T15:53:17.2534995Z
CT:image/png
MA:604800
CL:122499
