SM:2022-10-23T13:57:39.2861863Z
LM:2022-10-23T15:07:46.4606549Z
CT:image/jpeg
MA:604800
CL:14302
