SM:2022-10-22T02:50:43.5961357Z
LM:2022-10-22T02:50:48.1385123Z
CT:image/jpeg
MA:604800
CL:14302
