SM:2022-10-16T23:30:49.2123641Z
LM:2022-10-16T23:41:02.0555407Z
CT:image/png
MA:604800
CL:26190
