SM:2022-10-23T17:07:22.9245153Z
LM:2022-10-24T18:27:18.0503090Z
CT:image/jpeg
MA:604800
CL:31680
