SM:2022-10-23T13:57:21.1154557Z
LM:2022-11-07T01:04:46.1935229Z
CT:image/jpeg
MA:604800
CL:31985
