SM:2022-10-23T17:01:11.6553906Z
LM:2022-10-24T18:27:18.3353590Z
CT:image/jpeg
MA:604800
CL:51696
