SM:2022-10-17T18:15:28.2134543Z
LM:2022-10-17T18:15:33.4672946Z
CT:image/png
MA:604800
CL:32426
