SM:2022-10-23T16:15:29.5815272Z
LM:2022-10-24T18:27:17.7060289Z
CT:image/jpeg
MA:604800
CL:42385
