SM:2022-10-23T16:50:02.0600142Z
LM:2022-10-24T18:27:17.8527344Z
CT:image/jpeg
MA:604800
CL:44589
