SM:2022-10-23T13:57:21.1779518Z
LM:2022-10-25T00:44:36.2298058Z
CT:image/jpeg
MA:604800
CL:20703
