SM:2022-10-23T15:52:59.0334961Z
LM:2022-10-31T02:46:50.3906060Z
CT:image/jpeg
MA:604800
CL:52559
