SM:2022-10-23T15:27:31.4908911Z
LM:2022-10-23T15:27:34.2692562Z
CT:image/jpeg
MA:604800
CL:31236
