SM:2022-10-22T02:46:01.4934879Z
LM:2022-10-22T02:51:54.1117306Z
CT:image/jpeg
MA:604800
CL:4131
