SM:2022-10-23T16:27:47.9286998Z
LM:2022-10-24T18:27:18.0279840Z
CT:image/png
MA:604800
CL:81183
