SM:2022-10-22T03:46:12.6895218Z
LM:2022-10-22T03:46:15.0318675Z
CT:image/jpeg
MA:604800
CL:10993
