SM:2022-10-16T23:29:28.5878644Z
LM:2022-10-17T17:42:34.6504872Z
CT:image/png
MA:604800
CL:216298
