SM:2022-10-22T02:46:01.6432463Z
LM:2022-10-22T02:51:54.1042998Z
CT:image/jpeg
MA:604800
CL:3927
