SM:2022-10-22T03:47:11.6310665Z
LM:2022-10-22T03:47:15.0307717Z
CT:image/jpeg
MA:604800
CL:56902
