SM:2022-10-23T13:57:21.1154557Z
LM:2022-10-23T15:07:46.6450093Z
CT:image/jpeg
MA:604800
CL:56902
