SM:2022-10-23T13:57:21.1779518Z
LM:2022-10-23T14:25:01.2096919Z
CT:image/jpeg
MA:604800
CL:83334
