SM:2022-10-16T17:04:48.5099676Z
LM:2022-10-16T19:17:55.5333773Z
CT:image/jpeg
MA:604800
CL:43834
