SM:2022-10-22T02:46:01.1652187Z
LM:2022-10-22T02:46:24.4419879Z
CT:image/jpeg
MA:604800
CL:11846
