SM:2022-10-23T13:57:21.1154557Z
LM:2022-10-25T00:48:04.7213251Z
CT:image/jpeg
MA:604800
CL:50095
