SM:2022-10-23T13:57:21.1154557Z
LM:2022-11-07T01:04:51.2099568Z
CT:image/png
MA:604800
CL:10126
