SM:2022-11-08T10:07:55.9412400Z
LM:2022-11-19T11:55:29.9766293Z
CT:image/jpeg
MA:604800
CL:66606
