SM:2022-10-17T19:57:53.4423873Z
LM:2022-10-21T00:28:59.6027349Z
CT:image/png
MA:604800
CL:60816
