SM:2022-10-21T15:37:46.2508385Z
LM:2022-10-21T20:37:28.9929124Z
CT:image/png
MA:604800
CL:102928
