SM:2022-11-08T10:10:46.0881635Z
LM:2022-11-19T11:55:30.0273639Z
CT:image/jpeg
MA:604800
CL:24987
