SM:2022-10-23T13:57:21.1154557Z
LM:2022-10-31T02:11:37.6442914Z
CT:image/png
MA:604800
CL:122671
