SM:2022-10-16T10:06:53.9419884Z
LM:2022-10-17T17:40:01.8716270Z
CT:image/png
MA:604800
CL:122671
