SM:2022-10-16T20:36:03.9528764Z
LM:2022-10-16T20:36:09.8128466Z
CT:image/png
MA:604800
CL:148717
