SM:2022-10-22T02:46:02.9860887Z
LM:2022-10-22T02:46:26.5886725Z
CT:image/png
MA:604800
CL:35595
