SM:2022-10-23T13:57:21.1154557Z
LM:2022-10-23T14:30:24.0396630Z
CT:image/jpeg
MA:604800
CL:18948
