SM:2022-10-16T20:36:05.6865982Z
LM:2022-10-16T23:41:01.7895060Z
CT:image/png
MA:604800
CL:118592
