SM:2022-11-19T14:59:33.6459707Z
LM:2022-11-19T15:09:13.7184078Z
CT:image/png
MA:604800
CL:164743
