SM:2022-10-23T15:39:40.7531828Z
LM:2022-10-23T15:40:47.2637684Z
CT:image/png
MA:604800
CL:164744
