SM:2022-10-21T00:39:31.0212458Z
LM:2022-10-21T00:39:36.3065877Z
CT:image/png
MA:604800
CL:70348
