SM:2022-10-21T13:05:30.7042247Z
LM:2022-10-21T13:11:05.2053853Z
CT:image/jpeg
MA:604800
CL:45367
