SM:2022-10-21T15:36:06.7863155Z
LM:2022-10-21T16:25:42.3574524Z
CT:image/jpeg
MA:604800
CL:16933
