SM:2022-10-16T23:22:47.2248011Z
LM:2022-10-21T20:03:03.1584986Z
CT:image/png
MA:604800
CL:323465
