SM:2022-10-21T00:39:31.3460607Z
LM:2022-10-21T00:39:36.9388658Z
CT:image/png
MA:604800
CL:34940
