SM:2022-10-23T17:25:16.2846396Z
LM:2022-10-24T18:27:18.1612026Z
CT:image/jpeg
MA:604800
CL:40200
