SM:2022-11-19T14:59:24.8386857Z
LM:2022-11-20T12:26:32.6681885Z
CT:image/png
MA:604800
CL:27050
