SM:2022-10-23T13:57:21.0373370Z
LM:2022-10-23T15:00:22.9337511Z
CT:image/png
MA:604800
CL:27050
