SM:2022-10-16T11:58:00.1052010Z
LM:2022-10-16T11:58:02.5247910Z
CT:image/png
MA:604800
CL:27050
