SM:2022-10-23T17:29:30.3139468Z
LM:2022-10-23T17:29:32.4142517Z
CT:image/png
MA:604800
CL:203256
