SM:2022-11-07T23:19:50.0999249Z
LM:2022-11-19T11:44:59.5530539Z
CT:image/jpeg
MA:604800
CL:97588
