SM:2022-10-16T23:15:25.4595455Z
LM:2022-10-16T23:18:37.6734934Z
CT:image/png
MA:604800
CL:21482
