SM:2022-11-08T10:36:08.1029751Z
LM:2022-11-19T11:44:59.1992825Z
CT:image/jpeg
MA:604800
CL:187762
