SM:2022-10-16T17:04:48.5099676Z
LM:2022-10-16T17:12:57.9561851Z
CT:image/jpeg
MA:604800
CL:43834
