SM:2022-11-19T14:59:24.7697144Z
LM:2022-11-20T12:26:32.6219511Z
CT:image/jpeg
MA:604800
CL:43811
