SM:2022-10-23T13:57:21.0373370Z
LM:2022-10-23T15:00:22.6188940Z
CT:image/jpeg
MA:604800
CL:43834
