SM:2022-10-21T13:00:33.4012226Z
LM:2022-10-21T13:00:35.7878050Z
CT:image/png
MA:604800
CL:118760
