SM:2022-10-23T13:57:39.2861863Z
LM:2022-10-23T15:06:13.2605042Z
CT:image/png
MA:604800
CL:10525
