SM:2022-10-21T00:39:30.7693901Z
LM:2022-10-21T00:44:53.9013899Z
CT:image/png
MA:604800
CL:10525
