SM:2022-10-23T13:57:21.1623284Z
LM:2022-10-23T14:24:55.5983638Z
CT:image/png
MA:604800
CL:20355
