SM:2022-10-16T15:51:06.0544149Z
LM:2022-10-22T01:23:24.1771751Z
CT:image/png
MA:604800
CL:20355
