SM:2022-10-16T23:16:24.0827759Z
LM:2022-10-16T23:18:37.8675570Z
CT:image/png
MA:604800
CL:60836
