SM:2022-10-23T13:57:39.2236343Z
LM:2022-10-23T15:53:16.7788723Z
CT:image/jpeg
MA:604800
CL:41157
