SM:2022-10-21T15:39:09.3180548Z
LM:2022-10-21T20:37:28.6578844Z
CT:image/jpeg
MA:604800
CL:42179
