SM:2022-10-23T13:57:21.0529601Z
LM:2022-11-03T10:07:23.0178037Z
CT:image/png
MA:604800
CL:9600
