SM:2022-10-23T16:15:29.5815272Z
LM:2022-10-23T16:19:46.8472863Z
CT:image/jpeg
MA:604800
CL:42174
