SM:2022-10-21T15:49:21.9091983Z
LM:2022-10-21T15:49:23.8838510Z
CT:image/jpeg
MA:604800
CL:41719
