SM:2022-10-16T20:36:06.7935435Z
LM:2022-10-22T02:08:35.3548241Z
CT:image/png
MA:604800
CL:2932
