SM:2022-10-16T20:36:07.1975741Z
LM:2022-10-16T23:41:01.4624857Z
CT:image/png
MA:604800
CL:83278
