SM:2022-10-17T18:15:27.1315614Z
LM:2022-10-17T18:15:33.3358829Z
CT:image/png
MA:604800
CL:48402
