SM:2022-10-23T13:57:21.0998529Z
LM:2022-10-23T15:08:00.5434169Z
CT:image/png
MA:604800
CL:48402
