SM:2022-10-23T15:39:40.7531828Z
LM:2022-10-23T15:39:43.1468918Z
CT:image/png
MA:604800
CL:124662
