SM:2022-11-08T10:02:55.5379581Z
LM:2022-11-19T11:55:30.2794103Z
CT:image/jpeg
MA:604800
CL:538391
