SM:2022-10-21T00:13:34.4540620Z
LM:2022-10-22T01:09:24.2756277Z
CT:image/png
MA:604800
CL:204473
