SM:2022-11-08T00:22:57.9305300Z
LM:2022-11-19T11:47:12.4375139Z
CT:image/png
MA:604800
CL:11139
