SM:2022-10-16T20:36:03.9528764Z
LM:2022-10-16T23:41:01.5635376Z
CT:image/png
MA:604800
CL:149234
