SM:2022-10-22T02:46:04.5908181Z
LM:2022-10-22T02:46:25.4851073Z
CT:image/png
MA:604800
CL:4921
