SM:2022-10-23T13:57:21.1779518Z
LM:2022-10-23T15:08:31.6716345Z
CT:image/png
MA:604800
CL:4921
