SM:2022-10-23T15:43:32.4383973Z
LM:2022-10-23T15:43:35.6529462Z
CT:image/jpeg
MA:604800
CL:24039
