SM:2022-10-21T00:39:32.8056047Z
LM:2022-10-21T00:44:53.8481271Z
CT:image/png
MA:604800
CL:19115
