SM:2022-11-19T14:59:31.4082219Z
LM:2022-11-20T05:11:44.9305703Z
CT:image/jpeg
MA:604800
CL:20637
