SM:2022-11-07T21:56:26.4712135Z
LM:2022-11-19T11:46:13.2589774Z
CT:image/jpeg
MA:604800
CL:20637
