SM:2022-11-07T21:58:42.4744042Z
LM:2022-11-19T11:45:08.4328616Z
CT:image/jpeg
MA:604800
CL:125563
