SM:2022-10-21T00:39:30.5359306Z
LM:2022-10-21T00:39:36.1872889Z
CT:image/png
MA:604800
CL:50497
