SM:2022-10-17T19:57:53.4423873Z
LM:2022-10-17T19:57:58.8805410Z
CT:image/png
MA:604800
CL:60903
