SM:2022-10-21T00:13:34.4540620Z
LM:2022-10-21T00:18:05.6015154Z
CT:image/png
MA:604800
CL:264731
