SM:2022-10-23T13:57:21.0998529Z
LM:2022-11-06T23:52:10.5720070Z
CT:image/png
MA:604800
CL:264731
