SM:2022-10-21T00:13:34.4540620Z
LM:2022-10-21T00:28:59.5666450Z
CT:image/png
MA:604800
CL:193117
