SM:2022-11-08T12:20:42.6676370Z
LM:2022-11-19T11:40:36.1854515Z
CT:image/jpeg
MA:604800
CL:36239
