SM:2022-10-23T13:57:21.1779518Z
LM:2022-11-07T01:04:26.8482197Z
CT:image/jpeg
MA:604800
CL:17590
