SM:2022-11-08T10:09:01.0054426Z
LM:2022-11-19T11:55:30.2745507Z
CT:image/jpeg
MA:604800
CL:37072
