SM:2022-10-16T20:36:03.5318038Z
LM:2022-10-22T02:51:54.3646588Z
CT:image/png
MA:604800
CL:12486
