SM:2022-10-23T16:27:47.9286998Z
LM:2022-10-23T16:30:15.6077187Z
CT:image/png
MA:604800
CL:105978
