SM:2022-10-22T02:05:21.2780255Z
LM:2022-10-22T02:08:16.1225526Z
CT:image/png
MA:604800
CL:1103
