SM:2022-11-19T14:59:31.3698746Z
LM:2022-11-20T13:00:37.1558021Z
CT:image/jpeg
MA:604800
CL:42929
