SM:2022-11-11T13:12:32.8681647Z
LM:2022-11-19T11:40:39.5692377Z
CT:image/jpeg
MA:604800
CL:42929
