SM:2022-10-21T13:07:23.1533966Z
LM:2022-10-22T01:23:24.1651100Z
CT:image/jpeg
MA:604800
CL:133261
