SM:2022-10-17T18:15:28.2134543Z
LM:2022-10-21T00:28:58.1803820Z
CT:image/png
MA:604800
CL:32559
