SM:2022-10-16T23:29:28.5878644Z
LM:2022-10-16T23:41:01.3563939Z
CT:image/png
MA:604800
CL:34929
