SM:2022-10-16T20:23:16.2742882Z
LM:2022-10-16T20:23:23.2679121Z
CT:image/png
MA:604800
CL:23321
