SM:2022-11-19T14:59:24.8350391Z
LM:2022-11-20T12:26:33.6100247Z
CT:image/png
MA:604800
CL:23321
