SM:2022-10-23T13:57:21.1310817Z
LM:2022-11-07T01:04:36.1253713Z
CT:image/jpeg
MA:604800
CL:39083
