SM:2022-10-16T20:36:06.7935435Z
LM:2022-10-16T20:36:09.8488782Z
CT:image/png
MA:604800
CL:38039
