SM:2022-10-23T13:57:21.1310817Z
LM:2022-11-03T10:06:49.6388703Z
CT:image/png
MA:604800
CL:43425
