SM:2022-10-23T16:57:05.7326829Z
LM:2022-10-24T18:27:18.3488116Z
CT:image/jpeg
MA:604800
CL:59962
