SM:2022-10-23T15:07:42.7301975Z
LM:2022-10-23T15:07:46.0907089Z
CT:image/png
MA:604800
CL:32078
