SM:2022-10-21T14:11:12.9910692Z
LM:2022-10-21T14:11:23.6788094Z
CT:image/jpeg
MA:604800
CL:42135
