SM:2022-10-21T00:39:33.0019388Z
LM:2022-10-21T00:44:54.0592665Z
CT:image/png
MA:604800
CL:2552
