SM:2022-10-23T13:57:39.2236343Z
LM:2022-10-23T15:08:28.8305008Z
CT:image/png
MA:604800
CL:165647
