SM:2022-10-23T13:57:21.0998529Z
LM:2022-10-23T15:08:01.3196740Z
CT:image/png
MA:604800
CL:193117
