SM:2022-10-16T22:54:00.0107949Z
LM:2022-10-16T23:19:40.9988534Z
CT:image/png
MA:604800
CL:38933
