SM:2022-10-21T09:57:15.8500285Z
LM:2022-10-21T12:45:16.7828926Z
CT:image/jpeg
MA:604800
CL:61616
