SM:2022-10-23T13:57:21.0685841Z
LM:2022-10-23T15:08:32.0361275Z
CT:image/jpeg
MA:604800
CL:12314
