SM:2022-10-22T02:46:01.8084893Z
LM:2022-10-22T02:46:24.5545401Z
CT:image/jpeg
MA:604800
CL:12314
