SM:2022-10-16T23:15:25.4595455Z
LM:2022-10-16T23:19:40.8968985Z
CT:image/png
MA:604800
CL:33154
