SM:2022-10-17T18:15:26.6437831Z
LM:2022-10-17T18:15:33.3190741Z
CT:image/png
MA:604800
CL:14250
