SM:2022-10-23T13:57:39.3017738Z
LM:2022-10-23T15:08:00.6045721Z
CT:image/png
MA:604800
CL:14250
