SM:2022-10-23T13:57:21.1310817Z
LM:2022-10-31T02:46:27.2518899Z
CT:image/jpeg
MA:604800
CL:52031
