SM:2022-10-21T00:49:24.8609631Z
LM:2022-10-21T00:54:13.6198117Z
CT:image/jpeg
MA:604800
CL:52031
