SM:2022-11-07T22:02:51.1102098Z
LM:2022-11-19T11:44:58.9300284Z
CT:image/jpeg
MA:604800
CL:187762
