SM:2022-10-23T15:52:59.3381176Z
LM:2022-10-31T02:46:50.3895485Z
CT:image/jpeg
MA:604800
CL:50758
