SM:2022-10-23T13:57:21.1154557Z
LM:2022-11-03T10:06:49.7628027Z
CT:image/png
MA:604800
CL:15216
