SM:2022-10-16T22:54:05.5165038Z
LM:2022-10-16T23:09:46.8716939Z
CT:image/png
MA:604800
CL:17390
