SM:2022-10-16T23:17:47.5818163Z
LM:2022-10-16T23:18:21.6737703Z
CT:image/png
MA:604800
CL:30261
