SM:2022-10-22T02:45:57.6234119Z
LM:2022-10-22T02:46:23.6920397Z
CT:image/jpeg
MA:604800
CL:18259
