SM:2022-10-23T13:57:39.3173787Z
LM:2022-10-23T15:31:54.5491263Z
CT:image/jpeg
MA:604800
CL:18259
