SM:2022-10-23T13:57:21.0842101Z
LM:2022-10-23T15:53:16.8047058Z
CT:image/jpeg
MA:604800
CL:69875
