SM:2022-10-21T01:02:25.8855156Z
LM:2022-10-21T01:02:29.1561576Z
CT:image/jpeg
MA:604800
CL:69875
