SM:2022-11-07T22:07:32.6009160Z
LM:2022-11-19T11:46:25.5291338Z
CT:image/jpeg
MA:604800
CL:130379
