SM:2022-11-19T14:59:27.9522985Z
LM:2022-11-20T05:11:56.7144323Z
CT:image/jpeg
MA:604800
CL:130379
