SM:2022-10-23T17:33:10.8951419Z
LM:2022-10-24T18:27:18.0420533Z
CT:image/jpeg
MA:604800
CL:40763
