SM:2022-10-10T16:13:45.8866407Z
LM:2022-10-10T16:13:47.4183931Z
CT:image/jpeg
MA:604800
CL:40743
