SM:2022-10-16T10:06:54.3591429Z
LM:2022-10-16T11:39:58.0731406Z
CT:image/jpeg
MA:604800
CL:40758
