SM:2022-11-19T14:59:33.5851186Z
LM:2022-11-20T12:26:33.3656364Z
CT:image/jpeg
MA:604800
CL:40743
