SM:2022-10-16T20:24:49.9445065Z
LM:2022-10-22T02:53:22.0355659Z
CT:image/png
MA:604800
CL:6881
