SM:2022-10-17T18:20:10.2617849Z
LM:2022-10-21T00:28:59.1632046Z
CT:image/jpeg
MA:604800
CL:28222
