SM:2022-10-16T20:27:03.4357371Z
LM:2022-10-22T02:08:15.9603847Z
CT:image/png
MA:604800
CL:742
