SM:2022-10-17T18:15:27.5533215Z
LM:2022-10-17T18:15:33.4377677Z
CT:image/png
MA:604800
CL:37702
