SM:2022-10-23T13:57:39.2236343Z
LM:2022-10-23T15:08:01.0522856Z
CT:image/png
MA:604800
CL:37702
