SM:2022-10-22T02:45:56.5367129Z
LM:2022-10-22T02:46:23.7739439Z
CT:image/jpeg
MA:604800
CL:23458
