SM:2022-10-23T17:33:10.8951419Z
LM:2022-10-23T17:33:13.6173587Z
CT:image/jpeg
MA:604800
CL:40748
