SM:2022-10-21T00:39:28.8517562Z
LM:2022-10-21T00:39:36.6958001Z
CT:image/png
MA:604800
CL:46073
