SM:2022-10-23T15:52:58.7844183Z
LM:2022-10-31T02:46:50.5494435Z
CT:image/png
MA:604800
CL:161487
