SM:2022-10-23T13:57:21.0998529Z
LM:2022-11-07T01:04:31.1355218Z
CT:image/jpeg
MA:604800
CL:45086
