SM:2022-11-08T10:38:44.7885213Z
LM:2022-11-19T11:55:21.1752582Z
CT:image/jpeg
MA:604800
CL:379003
