SM:2022-10-21T00:39:31.9431317Z
LM:2022-10-21T00:44:53.8021468Z
CT:image/png
MA:604800
CL:19998
