SM:2022-10-23T13:57:21.0998529Z
LM:2022-10-23T15:06:13.0472906Z
CT:image/png
MA:604800
CL:19998
