SM:2022-10-22T02:45:56.0820293Z
LM:2022-10-22T02:46:23.7866407Z
CT:image/jpeg
MA:604800
CL:17481
