SM:2022-10-23T13:57:21.0998529Z
LM:2022-10-23T15:31:58.8328673Z
CT:image/jpeg
MA:604800
CL:17481
