SM:2022-10-22T02:45:57.4441863Z
LM:2022-10-22T02:46:23.9761013Z
CT:image/jpeg
MA:604800
CL:22523
