SM:2022-10-23T13:57:21.0685841Z
LM:2022-10-23T15:31:54.1805706Z
CT:image/jpeg
MA:604800
CL:22523
