SM:2022-10-22T02:46:02.1271038Z
LM:2022-10-22T02:46:25.3585703Z
CT:image/jpeg
MA:604800
CL:41294
