SM:2022-11-19T14:59:31.9084918Z
LM:2022-11-20T12:26:33.4964307Z
CT:image/jpeg
MA:604800
CL:27546
