SM:2022-10-16T10:06:54.0665332Z
LM:2022-10-16T11:13:35.3428737Z
CT:image/jpeg
MA:604800
CL:27523
