SM:2022-10-11T07:33:08.1528996Z
LM:2022-10-11T07:33:09.9758322Z
CT:image/jpeg
MA:604800
CL:27546
