SM:2022-10-23T13:57:21.1623284Z
LM:2022-10-23T15:00:24.0949908Z
CT:image/jpeg
MA:604800
CL:27523
