SM:2022-10-22T02:45:57.1351885Z
LM:2022-10-22T02:46:23.7234299Z
CT:image/jpeg
MA:604800
CL:11146
