SM:2022-10-23T13:57:39.3017738Z
LM:2022-10-23T15:31:54.4719150Z
CT:image/jpeg
MA:604800
CL:11146
