SM:2022-10-21T01:48:35.2956479Z
LM:2022-10-21T01:50:28.8828414Z
CT:image/png
MA:604800
CL:45451
