SM:2022-10-21T00:16:22.1539869Z
LM:2022-10-21T00:28:59.1625546Z
CT:image/jpeg
MA:604800
CL:56229
