SM:2022-10-23T13:57:21.1310817Z
LM:2022-11-03T10:07:21.8174627Z
CT:image/png
MA:604800
CL:20172
