SM:2022-10-23T16:50:02.0600142Z
LM:2022-10-23T16:50:05.8558844Z
CT:image/jpeg
MA:604800
CL:44589
