SM:2022-10-16T20:24:49.9445065Z
LM:2022-10-22T02:51:54.3471909Z
CT:image/png
MA:604800
CL:6322
