SM:2022-10-23T15:27:31.4908911Z
LM:2022-10-23T15:28:33.6211823Z
CT:image/jpeg
MA:604800
CL:39364
