SM:2022-10-22T02:05:19.3050622Z
LM:2022-10-22T02:53:21.9096727Z
CT:image/png
MA:604800
CL:2350
