SM:2022-10-23T13:57:21.1154557Z
LM:2022-10-23T14:24:55.6527959Z
CT:image/png
MA:604800
CL:90970
