SM:2022-10-23T17:04:24.6973443Z
LM:2022-10-23T17:09:45.7107639Z
CT:image/png
MA:604800
CL:97875
