SM:2022-10-16T10:06:53.9419884Z
LM:2022-10-16T19:17:56.2184494Z
CT:image/png
MA:604800
CL:26967
