SM:2022-10-21T00:39:28.8517562Z
LM:2022-10-21T00:44:53.5175878Z
CT:image/png
MA:604800
CL:23948
