SM:2022-10-23T13:57:39.2392577Z
LM:2022-11-03T10:07:21.7513697Z
CT:image/png
MA:604800
CL:12122
