SM:2022-10-23T13:57:21.0998529Z
LM:2022-10-23T15:08:31.0081315Z
CT:image/jpeg
MA:604800
CL:32050
