SM:2022-10-23T15:16:47.7194672Z
LM:2022-10-23T15:25:27.9467770Z
CT:image/jpeg
MA:604800
CL:52070
