SM:2022-10-22T03:44:38.5523048Z
LM:2022-10-22T03:44:42.4729587Z
CT:image/jpeg
MA:604800
CL:15558
