SM:2022-10-23T17:18:33.3023642Z
LM:2022-10-23T17:18:51.1122123Z
CT:image/png
MA:604800
CL:39774
