SM:2022-10-17T18:15:26.2260218Z
LM:2022-10-21T00:28:58.1803649Z
CT:image/png
MA:604800
CL:27974
