SM:2022-10-23T13:57:21.0373370Z
LM:2022-11-03T10:06:49.8750278Z
CT:image/png
MA:604800
CL:45991
