SM:2022-11-07T21:58:42.4744042Z
LM:2022-11-19T11:46:16.8485521Z
CT:image/jpeg
MA:604800
CL:104444
