SM:2022-11-19T14:59:33.7963031Z
LM:2022-11-20T05:11:45.7652287Z
CT:image/jpeg
MA:604800
CL:104444
