SM:2022-10-22T02:45:55.5942676Z
LM:2022-10-22T02:46:23.6571956Z
CT:image/jpeg
MA:604800
CL:58175
