SM:2022-10-23T13:57:39.2392577Z
LM:2022-10-23T15:31:59.0352466Z
CT:image/jpeg
MA:604800
CL:58175
