SM:2022-10-23T13:57:21.1154557Z
LM:2022-11-06T00:11:31.9084169Z
CT:image/png
MA:604800
CL:24868
