SM:2022-10-17T18:15:28.2134543Z
LM:2022-10-17T18:59:18.0314080Z
CT:image/png
MA:604800
CL:24868
