SM:2022-10-23T16:04:09.6426013Z
LM:2022-10-23T16:04:15.8418423Z
CT:image/png
MA:604800
CL:87836
