SM:2022-10-21T13:47:55.0667977Z
LM:2022-10-21T13:48:19.4092790Z
CT:image/jpeg
MA:604800
CL:52526
