SM:2022-10-23T15:32:10.4632760Z
LM:2022-10-23T15:32:13.0168045Z
CT:image/gif
MA:604800
CL:35001
