SM:2022-10-23T13:57:39.3017738Z
LM:2022-10-23T15:06:12.9030219Z
CT:image/png
MA:604800
CL:29344
