SM:2022-10-21T00:39:30.5359306Z
LM:2022-10-21T00:44:53.6437748Z
CT:image/png
MA:604800
CL:29344
