SM:2022-10-16T23:16:24.0827759Z
LM:2022-10-16T23:19:28.7160719Z
CT:image/png
MA:604800
CL:82198
