SM:2022-10-23T13:57:21.1154557Z
LM:2022-11-06T01:46:57.6488791Z
CT:image/jpeg
MA:604800
CL:16906
