SM:2022-10-16T12:01:58.3906488Z
LM:2022-10-17T20:08:28.6597913Z
CT:image/jpeg
MA:604800
CL:16906
