SM:2022-10-21T13:05:30.7042247Z
LM:2022-10-21T20:37:28.7313649Z
CT:image/jpeg
MA:604800
CL:43155
