SM:2022-10-21T09:51:48.6823193Z
LM:2022-10-21T20:37:28.6475471Z
CT:image/jpeg
MA:604800
CL:30139
