SM:2022-10-21T15:37:46.2508385Z
LM:2022-10-21T16:25:42.3574466Z
CT:image/jpeg
MA:604800
CL:12738
