SM:2022-10-23T13:57:39.1611945Z
LM:2022-11-06T01:43:38.6142830Z
CT:image/jpeg
MA:604800
CL:12738
