SM:2022-10-16T20:36:07.1975741Z
LM:2022-10-22T02:08:16.0768060Z
CT:image/png
MA:604800
CL:1094
