SM:2022-10-23T13:57:39.1611945Z
LM:2022-10-23T15:08:10.6691692Z
CT:image/png
MA:604800
CL:102989
