SM:2022-10-17T18:15:24.9326876Z
LM:2022-10-17T18:15:33.3198849Z
CT:image/png
MA:604800
CL:12274
