SM:2022-10-16T10:06:54.2123657Z
LM:2022-10-16T19:17:56.9407000Z
CT:image/jpeg
MA:604800
CL:25678
