SM:2022-10-23T13:57:39.3017738Z
LM:2022-11-06T00:11:31.9433965Z
CT:image/png
MA:604800
CL:16698
