SM:2022-10-17T18:15:26.6437831Z
LM:2022-10-17T18:59:18.0313937Z
CT:image/png
MA:604800
CL:16698
