SM:2022-10-23T13:57:21.0373370Z
LM:2022-10-23T15:08:31.0822979Z
CT:image/jpeg
MA:604800
CL:23469
