SM:2022-10-16T20:36:05.6865982Z
LM:2022-10-22T02:53:22.3367340Z
CT:image/png
MA:604800
CL:14379
