SM:2022-10-23T15:07:42.3988544Z
LM:2022-10-23T15:15:09.0434133Z
CT:image/png
MA:604800
CL:8120
