SM:2022-10-23T13:57:39.3173787Z
LM:2022-10-23T15:08:00.4954681Z
CT:image/png
MA:604800
CL:28008
