SM:2022-10-23T13:57:21.0842101Z
LM:2022-10-23T15:08:10.7405008Z
CT:image/jpeg
MA:604800
CL:23924
