SM:2022-10-22T02:46:00.2771197Z
LM:2022-10-22T02:46:24.7693376Z
CT:image/jpeg
MA:604800
CL:23924
