SM:2022-10-23T16:55:40.4355610Z
LM:2022-10-23T16:55:43.0290421Z
CT:image/jpeg
MA:604800
CL:62070
