SM:2022-10-21T01:30:21.5747640Z
LM:2022-10-21T01:30:24.0677173Z
CT:image/png
MA:604800
CL:207680
