SM:2022-10-23T13:57:20.9748429Z
LM:2022-10-23T15:08:31.4232490Z
CT:image/png
MA:604800
CL:207680
