SM:2022-10-21T13:58:20.4002790Z
LM:2022-10-21T13:59:28.9931846Z
CT:image/jpeg
MA:604800
CL:60486
