SM:2022-10-23T13:57:39.3017738Z
LM:2022-10-23T15:00:22.9418333Z
CT:image/png
MA:604800
CL:54642
