SM:2022-10-16T17:06:10.9538783Z
LM:2022-10-16T17:13:13.4014513Z
CT:image/png
MA:604800
CL:54642
