SM:2022-11-19T14:59:33.6269803Z
LM:2022-11-20T12:26:32.6767896Z
CT:image/png
MA:604800
CL:54647
