SM:2022-10-22T02:05:19.3050622Z
LM:2022-10-22T02:05:35.3590717Z
CT:image/png
MA:604800
CL:4921
