SM:2022-10-16T20:30:56.2603643Z
LM:2022-10-22T02:53:22.0970895Z
CT:image/png
MA:604800
CL:5298
