SM:2022-10-23T15:07:42.0177292Z
LM:2022-10-23T15:15:09.0817361Z
CT:image/png
MA:604800
CL:8855
