SM:2022-10-23T17:21:07.7425756Z
LM:2022-10-24T18:27:17.7041537Z
CT:image/jpeg
MA:604800
CL:41738
