SM:2022-10-22T02:46:01.8084893Z
LM:2022-10-22T02:51:54.1282683Z
CT:image/jpeg
MA:604800
CL:2488
