SM:2022-10-23T16:57:05.7326829Z
LM:2022-10-23T16:57:13.3263588Z
CT:image/jpeg
MA:604800
CL:77534
