SM:2022-10-16T20:30:56.2603643Z
LM:2022-10-16T20:30:57.9631628Z
CT:image/png
MA:604800
CL:16152
