SM:2022-10-22T02:45:58.8403205Z
LM:2022-10-22T02:46:24.2233519Z
CT:image/jpeg
MA:604800
CL:14497
