SM:2022-10-23T13:57:39.2392577Z
LM:2022-11-03T10:06:50.9976535Z
CT:image/png
MA:604800
CL:22824
