SM:2022-10-23T13:57:21.0998529Z
LM:2022-10-25T00:48:08.7201352Z
CT:image/png
MA:604800
CL:172664
