SM:2022-10-23T17:28:12.6590846Z
LM:2022-10-24T18:27:17.7163450Z
CT:image/jpeg
MA:604800
CL:63825
