SM:2022-10-16T17:06:36.6153493Z
LM:2022-10-16T19:17:55.6522204Z
CT:image/png
MA:604800
CL:48986
