SM:2022-10-23T13:57:39.3017738Z
LM:2022-10-23T14:24:59.9369212Z
CT:image/jpeg
MA:604800
CL:128391
