SM:2022-10-23T17:07:21.0392179Z
LM:2022-10-23T17:09:45.5392998Z
CT:image/jpeg
MA:604800
CL:39038
