SM:2022-10-16T20:36:03.9528764Z
LM:2022-10-22T02:08:35.4451471Z
CT:image/png
MA:604800
CL:4931
