SM:2022-10-22T02:46:01.3265828Z
LM:2022-10-22T02:46:24.6417550Z
CT:image/jpeg
MA:604800
CL:10901
