SM:2022-10-23T13:57:39.3173787Z
LM:2022-10-23T15:08:31.7713796Z
CT:image/jpeg
MA:604800
CL:10901
