SM:2022-10-21T13:05:30.7042247Z
LM:2022-10-21T13:05:32.7691828Z
CT:image/jpeg
MA:604800
CL:43233
