SM:2022-10-23T16:15:29.7763241Z
LM:2022-10-24T18:27:17.8870020Z
CT:image/png
MA:604800
CL:99897
