SM:2022-10-16T10:06:54.3591429Z
LM:2022-10-22T01:10:42.1354593Z
CT:image/jpeg
MA:604800
CL:75689
