SM:2022-10-17T18:15:24.9326876Z
LM:2022-10-17T18:59:18.0314010Z
CT:image/png
MA:604800
CL:11341
