SM:2022-10-16T20:30:56.2603643Z
LM:2022-10-22T02:08:15.9625941Z
CT:image/png
MA:604800
CL:534
