SM:2022-10-17T18:15:27.5533215Z
LM:2022-10-21T00:28:58.1833373Z
CT:image/png
MA:604800
CL:37638
