SM:2022-10-22T03:46:12.8802268Z
LM:2022-10-22T03:46:14.9272975Z
CT:image/jpeg
MA:604800
CL:12017
