SM:2022-10-23T16:15:29.5815272Z
LM:2022-10-23T16:15:52.6625433Z
CT:image/jpeg
MA:604800
CL:42373
