SM:2022-10-23T17:28:12.6590846Z
LM:2022-10-23T17:28:15.7822936Z
CT:image/jpeg
MA:604800
CL:63825
