SM:2022-10-16T20:27:03.4357371Z
LM:2022-10-16T23:41:01.9822497Z
CT:image/png
MA:604800
CL:30335
