SM:2022-10-23T15:52:59.3381176Z
LM:2022-10-23T15:53:17.3284199Z
CT:image/jpeg
MA:604800
CL:55565
