SM:2022-10-21T00:39:33.2547167Z
LM:2022-10-21T00:39:37.4351476Z
CT:image/png
MA:604800
CL:15309
