SM:2022-10-23T16:55:40.4355610Z
LM:2022-10-24T18:27:18.3473869Z
CT:image/jpeg
MA:604800
CL:61991
