SM:2022-11-08T10:42:27.1939899Z
LM:2022-11-19T11:55:20.9974476Z
CT:image/jpeg
MA:604800
CL:26431
