SM:2022-10-21T00:39:31.0212458Z
LM:2022-10-21T00:44:53.6392728Z
CT:image/png
MA:604800
CL:32424
