SM:2022-10-23T13:57:21.1623284Z
LM:2022-11-07T01:04:26.1373883Z
CT:image/png
MA:604800
CL:7651
