SM:2022-10-21T00:39:29.9382595Z
LM:2022-10-21T00:39:36.8053465Z
CT:image/png
MA:604800
CL:29099
