SM:2022-10-21T00:39:33.2547167Z
LM:2022-10-22T01:10:11.2743584Z
CT:image/png
MA:604800
CL:35627
