SM:2022-11-11T13:12:32.8681647Z
LM:2022-11-19T11:46:13.0708480Z
CT:image/jpeg
MA:604800
CL:241131
