SM:2022-10-23T13:57:21.0842101Z
LM:2022-10-23T15:07:44.9567200Z
CT:image/png
MA:604800
CL:17771
