SM:2022-10-16T20:24:49.9445065Z
LM:2022-10-16T20:24:53.1653789Z
CT:image/png
MA:604800
CL:17771
