SM:2022-10-23T17:07:21.0392179Z
LM:2022-10-23T17:07:30.6562910Z
CT:image/jpeg
MA:604800
CL:38407
