SM:2022-10-16T20:36:06.7935435Z
LM:2022-10-16T23:41:01.8454457Z
CT:image/png
MA:604800
CL:38039
