SM:2022-10-23T15:43:32.1805820Z
LM:2022-10-23T15:43:36.0086538Z
CT:image/png
MA:604800
CL:26252
