SM:2022-10-21T00:39:29.6188098Z
LM:2022-10-21T00:44:53.5565914Z
CT:image/png
MA:604800
CL:52702
